[TEXTURES]
66	textures\66_CarBackground.png	255	0	255
67	textures\67_CarAnimation.png	255	0	255

[SPRITES]
16600	0	0	256	224	66
16700	0	0	66	50	67
16701	66	0	132	50	67
16702	132	0	198	50	67
16703	198	0	264	50	67
16704	264	0	330	50	67
16705	330	0	396	50	67
16706	396	0	462	50	67
16707	462	0	528	50	67
16708	528	0	594	50	67
16709	594	0	660	50	67

[ANIMATIONS]
26700	16700	70	16701	70	16700	70	16701	70	16700	70	16701	70	16700	70	16701	70	16700	70	16701	70	16700	70	16701	70	16700	70	16701	70	16700	70	16701	70	16700	70	16701	70	16700	70	16701	70	16700	70	16701	70	16700	70	16701	70	16700	70	16701	70	16700	70	16701	70	16700	70	16701	70	16700	70	16701	70	16700	70	16701	70	16702	50	16703	50	16704	50	16705	50	16706	400	16707	100	16708	100	16709	100	16706	4000

[ANIMATIONOFFSET]
0	50

[TIMEOUT]
4500

[ANIMATIONID]
26700

[LISTBACKGROUNDCOLOR]
#r	g	b	living_time
255	255	255	10000

[BACKGROUNDCOLORPROPERTY]
#bgid	delay	timeout	d_r	d_g	d_b
16600	0000	10000	0	0	255

[IDSCENE]
1