[TEXTURES]
-1	textures\Interior1.png	255	0	255
0	textures\0_Object.png	255	0	255
99	textures\99_BigJason.png	255	0	255
10	textures\10_Teleporter.png	255	0	255
11	textures\11_Canon.png	255	0	255
12	textures\12_Eyeball.png	255	0	255
98	textures\98-Jasondie.png	255	0	255
60	textures\60_HealthBar.png	255	0	255
62	textures\62_GunBar.png	255	0	255
111	textures\111_CanonBullet.png	255	0	255
112	textures\112_Canon_Bullet_Explosion.png	255	0	255
23	textures\23_Spike.png	0	0	0
100	textures\100-stuff.png	255	0	255


[SPRITES]
## MAP BACKGROUND 
-1	0	0	1024	496	-1

# GUI
# HEALTHBAR
16000	0	0	8	49	60
16001	8	0	16	49	60
16002	16	0	24	49	60
16003	24	0	32	49	60
16004	32	0	40	49	60
16005	40	0	48	49	60
16006	48	0	56	49	60
16007	56	0	64	49	60
16008	64	0	72	49	60

# GUNBAR
16200	0	0	8	48	62
16201	8	0	16	48	62
16202	16	0	24	48	62
16203	24	0	32	48	62
16204	32	0	40	48	62
16205	40	0	48	48	62
16206	48	0	56	48	62
16207	56	0	64	48	62
16208	64	0	72	48	62

#EXPLOSIVE (from scene1)
17201	140	101	148	109	100
17202	149	97	165	113	100
17203	166	97	182	113	100
17204	183	93	207	117	100
#SPIKE
12301	0	0	16	16	23

#Grenade
126101	261	104	269	115	100
####################
#Grenade_Small_Boom
131301	313	106	321	114	100
#Grenade_Big_Boom
132201	322	102	338	118	100
####################
# CANON
11101	0	0	28	28	11
11102	28	0	56	28	11
11103	56	0	84	28	11

# CANON_BULLET
111101	0	0	8	8	111

## OBJECTS
#INTEROR_EXPLOSION (18px * 18px)
15000	204	158	222	176	0
15001	254	158	272	176	0
15002	304	158	322	176	0
#JASON_IN_BULLET (10px * 8px facing left)
15100	308	13	318	21	0

## BIG JASON
# FACE DOWN
19901	0	0	24	32	99
19902	24	0	48	32	99
19903	48	0	72	32	99

# FACE UP
19904	72	0	96	32	99
19905	96	0	120	32	99
19906	120	0	144	32	99

# FACE SIDE
19907	144	0	168	32	99
19908	168	0	192	32	99
19909	192	0	216	32	99

#DIE
19910	0	0	24	32	98
19911	24	0	49	32	98
19912	49	0	74	32	98
19913	74	0	99	32	98
19914	99	0	124	32	98

##ENEMY
# TELEPORTER
11001	0	0	25	33	10
11002	27	0	53	33	10
# CANON
11101	0	0	27	27	11
11102	29	0	54	27	11
11103	56	0	83	27	11
# EYEBALL
11201	0	0	17	17	12
11202	18	0	35	17	12
11203	36	0	53	17	12

## EYEBALL
10900	1	1	17	17	12
10901	19	1	35	17	12
10902	37	1	53	17	12

#explosive
111201	0	0	16	16	112
111202	17	0	33	16	112
111203	34	0	50	16	112
[ANIMATIONS]

## BIG JASON
# IDLE
29901	19902	100
29902	19905	100
29903	19908	100
# WALK
29904	19901	150	19902	150	19903	150	19902	150
29905	19904	150	19905	150	19906	150	19905	150
29906	19907	150	19908	150	19909	150	19908	150
#DIE
29907	19910	150	19911	150	19912	150	19913	150	19914	150

##ENEMY
# ====TELEPORTER===
#
21001	11001	100
21002	11001	100	11002	100
21003	11002	100
# ===== CANON =====
#
21101	11101	50
21102	11101	100	11102	100	11103	100
# ===	EYEBALL	===
#
21201	11203	100
21202	11203	100	11201	100	11203	100	11201	100	11203	100	11202	100

#===== OBJECTS =========
#EXPLOSION EFFECT
25000	15000	75	15001	75	15002	75
#JASON INTERIOR BULLET
25100	15100	100
#EYEBALL
20900	10900	300	10901	300	10902	100

#CANON
#
21101	11101	100
21102	11102	100
21103	11103	100

# CANON_BULLET
#
211101	111101	50
#=====EXPLOSIVE======
27201	17204	100	17203	10	17204	50	17203	50	17202	200	17201	1000
#=====EXPLOSIVE_Canon_======
211201	111201	10	111202	50	111203	100

[OBJECTS]
-1	504	242
99	64	64
9	64	64	2	0	14	11
16	100	64

11	64	70
#
#23	70	70	3
## CAMERA BOUNDARY LIST
#	#id_sec	left	top	right	bottom
76	A2I1_1	0	1	31	14
76	A2I1_2	32	1	63	29

#GATE	x	y	dx	dy	st1	st2	pre_dx	pre_dy	id_sec	tel_dx	tel_dy	
77	30	7.5	1	0	0.6	0.8	36	0	0	A2I2	0	0
77	33	7.5	-1	0	0.6	0.8	-36	0	0	A2I2	0	0

## GATE OUT
##	x	y	id_target_scene
81	4	7	1

## FREE MOVING AREA
79	0	9	0	10

[DEFAULTCAMERA]

[MAP]
Interior1.json

[MERGEDBRICK]
Interior1_merged.json