[TEXTURES]
65	textures\65_OpeningScene.png	255	0	255
64	textures\64_IntroBackground.png	255	0	255

[SPRITES]
16500	0	0	256	224	65
16501	256	0	512	224	65
16502	512	0	768	224	65
16503	768	0	1024	224	65
16504	1024	0	1280	224	65
16505	1280	0	1536	224	65
16506	1536	0	1792	224	65
16507	1792	0	2048	224	65
16508	2048	0	2304	224	65
16509	2304	0	2560	224	65
16510	2560	0	2816	224	65
16511	2816	0	3072	224	65
16512	3072	0	3328	224	65
16513	3328	0	3584	224	65
16514	3584	0	3840	224	65
16515	3840	0	4096	224	65
16516	4096	0	4352	224	65
16517	4352	0	4608	224	65
16518	4608	0	4864	224	65
16519	4864	0	5120	224	65
16520	5120	0	5376	224	65
16521	5376	0	5632	224	65
16522	5632	0	5888	224	65
16523	5888	0	6144	224	65
16524	6144	0	6400	224	65
16525	6400	0	6656	224	65
16526	6656	0	6912	224	65
16527	6912	0	7168	224	65
16528	7168	0	7424	224	65
16529	7424	0	7680	224	65
16530	7680	0	7936	224	65
16531	7936	0	8192	224	65
16532	8192	0	8448	224	65
16533	8448	0	8704	224	65
16534	8704	0	8960	224	65
16535	8960	0	9216	224	65
16536	9216	0	9472	224	65
16537	9472	0	9728	224	65
16400	0	0	258	220	64

[ANIMATIONS]
26500	16500	100	16501	20	16502	20	16503	20	16504	4000	16503	20	16502	20	16501	20	16500	100	16500	100	16505	20	16506	20	16507	20	16508	4000	16507	20	16506	20	16505	20	16500	100	16500	100	16509	20	16510	20	16511	20	16512	4000	16511	20	16510	20	16509	20	16500	100	16500	100	16513	20	16514	20	16515	20	16516	2000	16517	2000	16518	2000	16519	20	16520	20	16521	20	16500	100	16522	20	16523	20	16524	20	16525	4000	16524	20	16523	20	16522	20	16500	100	16500	100	16526	20	16527	20	16528	20	16529	4000	16528	20	16527	20	16526	20	16500	100	16500	100	16530	20	16531	20	16532	20	16533	4000	16532	20	16531	20	16530	20	16500	100	16500	100	16534	20	16535	20	16536	20	16537	4000	16536	20	16535	20	16534	20	16500	100

[TIMEOUT]
37400

[ANIMATIONID]
26500

[BACKGROUNDSPRITEID]
16400

[LISTBACKGROUNDCOLOR]
#r	g	b	living_time
255	255	255	20
255	0	255	20
0	255	255	20
255	255	0	20
125	79	55	20
54	200	125	20

[BACKGROUNDCOLORPROPERTY]
#bgid	delay	timeout	d_r	d_g	d_b
16400	0000	44320	0	0	255

[IDSCENE]
-1	-1