[TEXTURES]
115	textures\ending\115_OutroSceneAnimation.png	255	0	255
116	textures\ending\116_OutroRedAnimation.png	255	0	255
117	textures\ending\EndingObjects.png	255	0	255

[SPRITES]
111500	0	0	511	224	115
111501	511	0	1022	224	115
111502	1022	0	1533	224	115

111600	0	0	256	224	116
111601	256	0	512	224	116
111602	512	0	768	224	116
111603	768	0	1024	224	116

111700	219	0	240	24	117

[ANIMATIONS]
211500	111500	250	111501	250	111502	250	111501	250
211600	111600	10000	111600	6700	111601	200	111602	200	111603	10000

[OBJECTS]
114	0	0

[ANIMATIONID]
211500

[ANIMATIONOFFSET]
127	0

[TIMEOUT]
24000

[IDSCENE]
-8