# id	file_path	transparent_color_r	g	b
[TEXTURES]
1	textures\1_Jumper.png		255	0	255
2	textures\2_Floater.png		255	0	255
3	textures\3_Mine.png		255	0	255
4	textures\4_Dome.png		255	0	255
5	textures\5_Worm.png		255	0	255
6	textures\6_Insect.png		255	0	255
7	textures\7_Skull.png		255	0	255
9	textures\9_Orb.png		255	0	255
10	textures\10_Teleporter.png	255	0	255
11	textures\11_Canon.png		255	0	255
12	textures\12_Eyeball.png		255	0	255
999	textures\P2_Jason.png	255	255	255

# id	left	top	right	bottom	texture_id
[SPRITES]

# JUMPER
10101	0	0	19	26	1
10102	19	0	38	26	1
10103	38	0	57	26	1
#FLOATER
10201	0	0	20	18	2
10202	20	0	40	18	2
# MINE
10301	0	0	15	9	3
10302	15	0	30	9	3
# DOME
10401	0	0	18	17	4
10402	18	0	36	17	4
# WORM
10501	0	0	19	12	5
10502	19	0	38	12	5
# INSECT
10601	0	0	19	19	6
10602	20	0	39	19	6
# SKULL
10701	0	0	19	22	7
10702	20	0	39	22	7
# ORB
10901	0	0	18	18	9
10902	18	0	36	18	9
10903	36	0	54	18	9
10904	54	0	72	18	9
10905	72	0	90	18	9
# TELEPORTER
11001	0	0	26	33	10
11002	27	0	53	33	10
# CANON
11101	0	0	27	27	11
11102	29	0	54	27	11
11103	56	0	83	27	11
# EYEBALL
11201	0	0	17	17	12
11202	18	0	35	17	12
11203	36	0	53	17	12
# P2_JASON
# STAND
19901	7	7	17	24	999
#WALK
19902	31	7	41	24	999
19903	55	7	65	24	999
19904	79	7	89	24	999
#CLIMB
19905	102	7	114	24	999
#CRAWL
19906	124	14	140	24	999
19907	147	14	163	24	999
#DIE GO ROUND AND ROUND AND ROUND
19908	4	32	20	48	999
19909	28	32	44	48	999
19910	52	32	68	48	999	
19911	76	32	92	48	999
#DIE LYING LIKE NO FUNCKING CARE
19912	100	38	116	48	999
#SWIM
19913	123	36	140	48	999	
19914	147	36	164	48	999
# ani_id	sprite1_id	time1	sprite2_id	time2	...
[ANIMATIONS]

# ==== JUMPER =======
#
20101	10101	100
20102	10101	200	10102	200	10103	200
# ==== FLOATER=======
#
20201	10201	100
20202	10201	200	10202	200
# ==== MINE=======
#
20301	10301	100
20302	10301	200	10302	200
# ==== DOME =======
#
20401	10401	100
20402	10401	200	10402	200
# ==== WORM =======
#
20501	10502	100
20502	10502	200	10501	200
# ==== INSECT =====
#
20601	10601	100
20602	10601	200	10602	200
# ==== SKULL  =====
#
20701	10701	100
20702	10701	200	10702	200
# ==== ORB =========
#
20901	10901	100
20902	10901	200	10902	200	10903	200	10904	200	10902	200
# ====TELEPORTER===
#
21001	11001	100
21002	11001	200	11002	200
# ===== CANON =====
#
21101	11101	50
21102	11101	100	11102	100	11103	100
# ===	EYEBALL	===
#
21201	11203	100
21202	11203	100	11201	100	11203	100	11201	100	11203	100	11202	100
# ==== P2_JASON =========
# ani_id	sprite1_id	time1	sprite2_id	time2	...
#STAND
29901	19901	100
#WALK
29902	19902	200	19903	200	19904	200
#JUMP
29903	19902	100
#CLIMB
29904	19905	100
#CRAWL
29905	19906	200	19907	200
#DIE
29906	19908	100	19909	100	19910	100	19911	100	19908	100	19909	100	19910	100	19911	100	19908	100	19909	100	19910	100	19911	100	19912	10000
#SWIM
29907	19913	200	19914	200

[OBJECTS]
# type	x	y	ani_set_id	extra_settings per object type
# 0: ORB, 1: JUMPER, 2: DOME, 3: PLAYER_JASON
# ORB
0	50.0	50.0
3	100.0	100.0


